   2.0170124e+07   2.0170205e+07
   2.0170124e+07   2.0170313e+07
   2.0170205e+07   2.0170313e+07
   2.0170205e+07   2.0170325e+07
   2.0170313e+07   2.0170325e+07
   2.0170313e+07   2.0170406e+07
   2.0170313e+07   2.0170418e+07
   2.0170313e+07   2.0170430e+07
   2.0170325e+07   2.0170406e+07
   2.0170325e+07   2.0170418e+07
   2.0170325e+07   2.0170430e+07
   2.0170325e+07   2.0170512e+07
   2.0170406e+07   2.0170418e+07
   2.0170406e+07   2.0170430e+07
   2.0170406e+07   2.0170512e+07
   2.0170406e+07   2.0170524e+07
   2.0170418e+07   2.0170430e+07
   2.0170418e+07   2.0170512e+07
   2.0170418e+07   2.0170524e+07
   2.0170418e+07   2.0170605e+07
   2.0170430e+07   2.0170512e+07
   2.0170430e+07   2.0170524e+07
   2.0170430e+07   2.0170605e+07
   2.0170512e+07   2.0170524e+07
   2.0170512e+07   2.0170605e+07
   2.0170512e+07   2.0170629e+07
   2.0170524e+07   2.0170605e+07
   2.0170524e+07   2.0170629e+07
   2.0170524e+07   2.0170711e+07
   2.0170605e+07   2.0170629e+07
   2.0170605e+07   2.0170711e+07
   2.0170605e+07   2.0170723e+07
   2.0170629e+07   2.0170711e+07
   2.0170629e+07   2.0170723e+07
   2.0170629e+07   2.0170804e+07
   2.0170711e+07   2.0170723e+07
   2.0170711e+07   2.0170804e+07
   2.0170711e+07   2.0170816e+07
   2.0170723e+07   2.0170804e+07
   2.0170723e+07   2.0170816e+07
   2.0170723e+07   2.0170828e+07
   2.0170804e+07   2.0170816e+07
   2.0170804e+07   2.0170828e+07
   2.0170804e+07   2.0170909e+07
   2.0170804e+07   2.0170921e+07
   2.0170816e+07   2.0170828e+07
   2.0170816e+07   2.0170909e+07
   2.0170816e+07   2.0170921e+07
   2.0170816e+07   2.0171003e+07
   2.0170828e+07   2.0170909e+07
   2.0170828e+07   2.0170921e+07
   2.0170828e+07   2.0171003e+07
   2.0170828e+07   2.0171015e+07
   2.0170909e+07   2.0170921e+07
   2.0170909e+07   2.0171003e+07
   2.0170909e+07   2.0171015e+07
   2.0170909e+07   2.0171027e+07
   2.0170921e+07   2.0171003e+07
   2.0170921e+07   2.0171015e+07
   2.0170921e+07   2.0171027e+07
   2.0170921e+07   2.0171108e+07
   2.0171003e+07   2.0171015e+07
   2.0171003e+07   2.0171027e+07
   2.0171003e+07   2.0171108e+07
   2.0171003e+07   2.0171120e+07
   2.0171015e+07   2.0171027e+07
   2.0171015e+07   2.0171108e+07
   2.0171015e+07   2.0171120e+07
   2.0171027e+07   2.0171108e+07
   2.0171027e+07   2.0171120e+07
   2.0171108e+07   2.0171120e+07
