   2.0170403e+07   2.0170411e+07
   2.0170403e+07   2.0170513e+07
   2.0170403e+07   2.0170529e+07
   2.0170513e+07   2.0170529e+07
   2.0170529e+07   2.0170704e+07
   2.0170529e+07   2.0170801e+07
   2.0170704e+07   2.0170801e+07
   2.0170704e+07   2.0170825e+07
   2.0170704e+07   2.0170906e+07
   2.0170704e+07   2.0171012e+07
   2.0170704e+07   2.0171020e+07
   2.0170704e+07   2.0171024e+07
   2.0170801e+07   2.0170825e+07
   2.0170801e+07   2.0170906e+07
   2.0170801e+07   2.0171012e+07
   2.0170801e+07   2.0171020e+07
   2.0170801e+07   2.0171024e+07
   2.0170809e+07   2.0170825e+07
   2.0170809e+07   2.0171020e+07
   2.0170809e+07   2.0171109e+07
   2.0170825e+07   2.0171020e+07
   2.0170825e+07   2.0171109e+07
   2.0170902e+07   2.0170910e+07
   2.0170902e+07   2.0171012e+07
   2.0170902e+07   2.0171121e+07
   2.0170906e+07   2.0171012e+07
   2.0170906e+07   2.0171024e+07
   2.0170910e+07   2.0171012e+07
   2.0170910e+07   2.0171121e+07
   2.0171012e+07   2.0171024e+07
   2.0171020e+07   2.0171109e+07
